.0931202223766504
.0641406071673134
.069941378613301
.040625
.0682579163876399
.0667812747950278
.0938378931219637
.100224382946896
.0947417187861941
.1059118922620406
.1134020618556701
.1378472222222222
.1097770974839759
.1531340915101825
.1257990283814881
.1146222887060583
.1584433634468381
.2683177356767861
.2832019405700424
.2802083333333333
.250789247106094
.3538746363395927
.3323958066990539
.2230740463724757
.0368311327310632
.0701894544624515
.092581362441884
.1381944444444445
.0779680474504927
.1268183020364983
.078496548197392
.0617053103964099
.0424859067784958
.0721160456482882
.746019260968027
1816.2
.6081081081081081
1802.590909090909
.6285714285714286
1762.962962962963
.6923076923076923
1850.288461538461
.5977011494252874
1903.947368421053
.7307692307692307
1981.78125
.5818181818181818
1875.423076923077
.5977011494252874
1922.588235294118
.7391304347826086
2120.428571428572
.6363636363636364
1773.850492390331
.5829853862212944
1877.954198473283
.5770925110132159
1831.380597014925
.575107296137339
1933.203125
.6808510638297872
1927.485981308411
.5721925133689839
1986.760563380282
.8160919540229885
1939.106194690266
.5794871794871795
1830.824742268041
.5825825825825826
2030.842105263158
.6666666666666666
1993.3
.7142857142857143
1797.551915764843
.5472151088348272
2103.272727272727
.4370860927152318
1826.592592592593
.5225806451612903
1738.714285714286
.5526315789473685
1977.476470588235
.498533724340176
1894.413793103448
.5370370370370371
1865.239130434783
.4946236559139785
1923.592920353982
.5406698564593302
2192.821428571428
.459016393442623
1796.181818181818
.4285714285714285
1833.999475341028
.499475890985325
1707.571428571429
.35
1836.306451612903
.3734939759036144
1771.538461538461
.4814814814814815
1969.025
.321285140562249
2119.904761904762
.3962264150943396
2009.463414634146
.4767441860465116
1952.48
.3311258278145696
1923.842105263158
.3392857142857143
2009.666666666667
.3428571428571429
1884.547088425593
.3786064235166032
.1200750990558389
.143032766268256
.1582737656720474
.1610408971645155
.1404395754434779
.0929048616563314
.1453254612164722
.1517910462211521
.1534133858343106
.1243412741887406
.1596652823990801
.0884691163767401
.1228755148942948
.1518746476028784
.2222436486323035
.1866703491490133
-.2461505832406257
.2511428343596525
.2939200909133002
.0512772187910248
.0542564286802854
.0712954770158581
.0822858906354397
.0736584944669898
.0933165076347178
.1107594793754236
.1181600573780961
.106622991784043
.1212700049675443
.1348204227170556
.1426304388043039
.1676413230170459
.189267806785193
.2062319678877354
.2143512547947067
.63
.8
.9
