.0958083832335329
.0501559251559252
.0480559196155526
.0230547550432277
.0527143156570949
.0674809160305344
.0904522613065327
.0909090909090909
.0880239520958084
.0738045738045738
.1004805591961555
.069164265129683
.0818486690421295
.1070229007633588
.1256281407035176
.0988142292490119
.2131736526946108
.271049896049896
.2699868938401048
.3020172910662824
.2662963739258017
.3534351145038168
.3040201005025125
.3557312252964427
.1005988023952096
.1364345114345114
.1507208387942333
.2484149855907781
.1539509536784741
.2022900763358779
.1809045226130653
.2094861660079052
.0267235252309879
.0571428571428571
.5893553720658542
1842.583333333333
.5333333333333333
1937.8
.6944444444444444
1826.875
.8
1808.209677419355
.6666666666666666
2022.421052631579
2194.9
.4166666666666667
1899.384615384615
.6190476190476191
1884.8
.4545454545454545
1870.8
.7142857142857143
2000.763793103448
.628385698808234
1999.31746031746
.4436619718309859
2158.305084745763
.59
2146.846153846154
.8524590163934426
1910.887417218543
.5298245614035088
2134.356164383561
.9605263157894737
2035.117647058823
.6181818181818182
2000.369565217391
.5859872611464968
2281.564102564103
.475609756097561
2021.6
.6410256410256411
2007.405985319029
.5736961451247166
1964.024390243902
.5857142857142857
2300.5
.4418604651162791
2221.681818181818
.5789473684210527
1995.740740740741
.7297297297297297
2286.357142857143
.5714285714285714
2023.973684210526
.59375
2141.894736842105
.7037037037037037
2301.41935483871
.5254237288135594
2294.25
.4210526315789473
2060.628944504896
.5831218274111675
2164.227272727273
.4680851063829787
2044.941176470588
.4
2211.611111111111
.5454545454545454
2000.125
.4137931034482759
2320.75
.48
1969.76
.4310344827586207
2196.434782608696
.4259259259259259
1894.391304347826
.4423076923076923
2145.333333333333
.5
2071.187719298246
.4100719424460432
.140569235511468
.1694657368055903
.197809118325887
.2071265452147703
.1613530357651503
.1048397234246121
.1559519116720841
.1748397286929642
.1637773753429575
.128693540134562
.1776717839460783
.0955268064067901
.1449919539399827
.1705505698858165
.2321791064729807
.2495576947665495
-.0356645975854036
.1680515117382396
.3112367386207667
.0680974319859539
.0693091293917778
.0854601881610884
.0915099140128108
.1020139365365441
.1190314888263287
.1306947134890715
.1367259615975046
.1211194796920515
.1373304851214884
.1527359497482741
.1594225355382899
.1737722625123328
.1958050860513009
.2139526163911234
.2246658455978564
.48
.67
.6899999999999999
