152.53282
317.30115
199.13943
232.51646
444.84006
252.34375
186.63676
212.66643
133.91216
188.21103
144.26894
80.114586
276.96234
144.38287
146.89143
172.21378
90.790733
115.59055
89.386017
67.62529
182.93648
117.41815
88.412102
105.91987
223.98964
199.81708
140.74762
93.369736
305.97568
156.52959
151.79308
203.75891
563.08136
504.22754
100.74279
.0091607207
13.717084
.0087698121
13.119648
.0094405161
9.3786516
.015795907
19.899002
.0062806443
8.2257414
.0068338634
11.249857
.010207327
14.715696
.0043835128
8.6577349
.0031008823
3.9592102
.049161348
68.252907
.010611673
13.964622
.015366002
14.995017
.01320934
9.0446186
.024885695
23.046371
.01052488
10.604619
.0084203789
13.476897
.01362255
17.08042
.0042877719
7.3427067
.0064787227
6.6704264
.064093299
73.692627
.011939541
14.871615
.011835747
22.56089
.0083754556
8.3048353
.014761006
26.205496
.0054090875
11.466467
.011527627
16.315617
.0099326381
23.458223
.0059791552
13.24683
.013519557
15.719327
.055328794
97.12262
.0085553955
27.535625
.011151689
31.761162
.0067274948
19.897348
.013056305
31.34417
.0070047141
16.816525
.008599015
35.37933
.012947054
24.689287
.0042722919
15.831331
.010329658
14.758387
.048904233
148.99503
474.55518
305.77002
226.30931
200.89618
440.89276
478.76184
264.53278
428.30664
208.41147
259.78412
320.27231
325.69092
404.6734
247.27792
154.57661
56.084648
66.602577
62.522903
43.70068
282.92682
246.68483
242.25092
259.76025
233.29175
301.63165
318.02597
326.48755
186.15143
193.77715
215.62503
226.54573
91.730042
115.27473
133.07597
139.15036
1
1
1
