100.47007
207.76395
182.41214
269.45212
338.84717
264.47614
66.188889
43.021721
89.723701
178.98239
102.76109
96.289009
247.31389
202.26361
45.57584
50.592602
54.641403
83.422333
62.441406
47.722935
122.92873
113.50649
40.48093
24.748301
87.939224
101.86626
71.77404
49.485874
154.29655
124.16151
37.76619
26.958773
484.04272
394.79388
54.292473
.0085146045
10.012277
.0065627648
9.8677349
.0089347679
7.8919435
.011730582
15.078198
.0074989721
.0099406149
7.5849214
.015615651
8.8139839
.0040156669
6.3623967
.0048605138
6.0041332
.036174692
45.087765
.0090214806
10.411899
.0087914504
8.8717318
.015839815
9.933567
.0098634232
17.783133
.0077878931
35.042454
.011673521
9.6218643
.012894141
9.7404003
.0082296515
6.6594877
.014474993
5.5236058
.041842043
46.557781
.0073982324
15.5114
.0089619458
13.114831
.0076431562
12.99574
.0082432656
13.108877
.0077083954
14.363171
.0092367884
13.180972
.0074417791
17.787336
.0080665303
15.075135
.0078906314
7.4106946
.038558003
75.148903
.0064494447
17.496922
.005860691
20.330973
.0077137859
28.584806
.0068596243
20.504435
.0059237899
28.615498
.013997068
15.754971
.0080147749
27.451767
.0078464476
20.595093
.005036681
9.7171173
.036721863
91.745773
345.24432
192.51306
109.28555
61.153694
290.52637
320.54059
167.25073
223.53664
213.99088
174.79842
207.5787
245.29349
251.58534
148.07677
116.69617
30.094198
43.152328
44.159054
27.454678
150.09917
174.84955
171.72694
207.33308
181.10861
226.12538
275.81744
244.51796
134.34143
132.47169
129.55565
131.41838
104.01036
116.49142
106.7196
100.10102
78.340179
80.327072
54.004112
85.128899
170.90274
152.34448
81.812469
102.14878
164.35442
104.42255
61.477676
71.904968
176.7484
101.47158
49.68745
58.736702
1
1
1
